4.328040426246000454e+06
4.328040459559000097e+06
4.328040492871999741e+06
4.328040526185000315e+06
4.328040559496999718e+06
4.328040592810000293e+06
4.328040626122999936e+06
4.328040659435999580e+06
4.328040692747999914e+06
4.328040726060999557e+06
4.328040759374000132e+06
4.328040792686999775e+06
4.328040826000000350e+06
4.328040859311999753e+06
4.328040892625000328e+06
4.328040925937999971e+06
4.328040959250999615e+06
4.328040992562999949e+06
4.328041025875999592e+06
4.328041059189000167e+06
4.328041092501999810e+06
4.328041125814000145e+06
4.328041159126999788e+06
4.328041192440000363e+06
4.328041225753000006e+06
4.328041259065000340e+06
4.328041292377999984e+06
4.328041325690999627e+06
4.328041359004000202e+06
4.328041392315999605e+06
4.328041425629000179e+06
4.328041458941999823e+06
4.328041492255000398e+06
4.328041525566999801e+06
4.328041558880000375e+06
4.328041592193000019e+06
4.328041625505999662e+06
4.328041658819000237e+06
4.328041692130999640e+06
4.328041725444000214e+06
4.328041758756999858e+06
4.328041792070000432e+06
4.328041825381999835e+06
4.328041858695000410e+06
4.328041892008000053e+06
4.328041925320999697e+06
4.328041958633000031e+06
4.328041991945999674e+06
4.328042025259000249e+06
4.328042058571999893e+06
4.328042091884000227e+06
4.328042125196999870e+06
4.328042158510000445e+06
4.328042191823000088e+06
4.328042225135000423e+06
4.328042258448000066e+06
4.328042291760999709e+06
4.328042325074000284e+06
4.328042358385999687e+06
4.328042391699000262e+06
4.328042425011999905e+06
4.328042458324999548e+06
4.328042491638000123e+06
4.328042524950000457e+06
4.328042558263000101e+06
4.328042591575999744e+06
4.328042624889000319e+06
4.328042658200999722e+06
4.328042691514000297e+06
4.328042724826999940e+06
4.328042758139999583e+06
4.328042791451999918e+06
4.328042824764999561e+06
4.328042858078000136e+06
4.328042891390999779e+06
4.328042924703000113e+06
4.328042958015999757e+06
4.328042991329000331e+06
4.328043024641999975e+06
4.328043057954999618e+06
4.328043091266999952e+06
4.328043124579999596e+06
4.328043157893000171e+06
4.328043191205999814e+06
4.328043224518000148e+06
4.328043257830999792e+06
4.328043291144000366e+06
4.328043324457000010e+06
4.328043357769000344e+06
4.328043391081999987e+06
4.328043424394999631e+06
4.328043457708000205e+06
4.328043491019999608e+06
4.328043524333000183e+06
4.328043557645999826e+06
4.328043590959000401e+06
4.328043624270999804e+06
4.328043657584000379e+06
4.328043690897000022e+06
4.328043724209999666e+06
4.328043757522000000e+06
4.328043790834999643e+06
4.328043824148000218e+06
4.328043857460999861e+06
4.328043890774000436e+06
4.328043924085999839e+06
4.328043957399000414e+06
4.328043990712000057e+06
4.328044024024999700e+06
4.328044057337000035e+06
4.328044090649999678e+06
4.328044123963000253e+06
4.328044157275999896e+06
4.328044190588000230e+06
4.328044223900999874e+06
4.328044257214000449e+06
4.328044290527000092e+06
4.328044323839000426e+06
4.328044357152000070e+06
4.328044390464999713e+06
4.328044423778000288e+06
4.328044457089999691e+06
4.328044490403000265e+06
4.328044523715999909e+06
4.328044557028999552e+06
4.328044590340999886e+06
4.328044623654000461e+06
4.328044656967000104e+06
4.328044690279999748e+06
4.328044723593000323e+06
4.328044756904999726e+06
4.328044790218000300e+06
4.328044823530999944e+06
4.328044856843999587e+06
4.328044890155999921e+06
4.328044923468999565e+06
4.328044956782000139e+06
4.328044990094999783e+06
4.328045023407000117e+06
4.328045056719999760e+06
4.328045090033000335e+06
4.328045123345999978e+06
4.328045156658000313e+06
4.328045189970999956e+06
4.328045223283999600e+06
4.328045256597000174e+06
4.328045289909999818e+06
4.328045323222000152e+06
4.328045356534999795e+06
4.328045389848000370e+06
4.328045423161000013e+06
4.328045456473000348e+06
4.328045489785999991e+06
4.328045523098999634e+06
4.328045556412000209e+06
4.328045589723999612e+06
4.328045623037000187e+06
4.328045656349999830e+06
4.328045689663000405e+06
4.328045722974999808e+06
4.328045756288000382e+06
4.328045789601000026e+06
4.328045822913999669e+06
4.328045856226000004e+06
4.328045889538999647e+06
4.328045922852000222e+06
4.328045956164999865e+06
4.328045989477000199e+06
4.328046022789999843e+06
4.328046056103000417e+06
4.328046089416000061e+06
4.328046122728999704e+06
4.328046156041000038e+06
4.328046189353999682e+06
4.328046222667000256e+06
4.328046255979999900e+06
4.328046289292000234e+06
4.328046322604999878e+06
4.328046355918000452e+06
4.328046389231000096e+06
4.328046422543000430e+06
4.328046455856000073e+06
4.328046489168999717e+06
4.328046522482000291e+06
4.328046555793999694e+06
4.328046589107000269e+06
4.328046622419999912e+06
4.328046655732999556e+06
4.328046689044999890e+06
4.328046722358000465e+06
4.328046755671000108e+06
4.328046788983999752e+06
4.328046822297000326e+06
4.328046855608999729e+06
4.328046888922000304e+06
4.328046922234999947e+06
4.328046955547999591e+06
4.328046988859999925e+06
4.328047022172999568e+06
4.328047055486000143e+06
4.328047088798999786e+06
4.328047122111000121e+06
4.328047155423999764e+06
4.328047188737000339e+06
4.328047222049999982e+06
4.328047255362000316e+06
4.328047288674999960e+06
4.328047321987999603e+06
4.328047355301000178e+06
4.328047388612999581e+06
4.328047421926000156e+06
4.328047455238999799e+06
4.328047488552000374e+06
4.328047521865000017e+06
4.328047555177000351e+06
4.328047588489999995e+06
4.328047621802999638e+06
4.328047655116000213e+06
4.328047688427999616e+06
4.328047721741000190e+06
4.328047755053999834e+06
4.328047788367000408e+06
4.328047821678999811e+06
4.328047854992000386e+06
4.328047888305000030e+06
4.328047921617999673e+06
4.328047954930000007e+06
4.328047988242999651e+06
4.328048021556000225e+06
4.328048054868999869e+06
4.328048088181000203e+06
4.328048121493999846e+06
4.328048154807000421e+06
4.328048188120000064e+06
4.328048221432000399e+06
4.328048254745000042e+06
4.328048288057999685e+06
4.328048321371000260e+06
4.328048354683999904e+06
4.328048387996000238e+06
4.328048421308999881e+06
4.328048454622000456e+06
4.328048487935000099e+06
4.328048521247000434e+06
4.328048554560000077e+06
4.328048587872999720e+06
4.328048621186000295e+06
4.328048654497999698e+06
4.328048687811000273e+06
4.328048721123999916e+06
4.328048754436999559e+06
4.328048787748999894e+06
4.328048821061999537e+06
4.328048854375000112e+06
4.328048887687999755e+06
4.328048921000000089e+06
4.328048954312999733e+06
4.328048987626000308e+06
4.328049020938999951e+06
4.328049054251999594e+06
4.328049087563999929e+06
4.328049120876999572e+06
4.328049154190000147e+06
4.328049187502999790e+06
4.328049220815000124e+06
4.328049254127999768e+06
4.328049287441000342e+06
4.328049320753999986e+06
4.328049354066000320e+06
4.328049387378999963e+06
4.328049420691999607e+06
4.328049454005000181e+06
4.328049487316999584e+06
4.328049520630000159e+06
4.328049553942999803e+06
4.328049587256000377e+06
4.328049620567999780e+06
4.328049653881000355e+06
4.328049687193999998e+06
4.328049720506999642e+06
4.328049753820000216e+06
4.328049787131999619e+06
4.328049820445000194e+06
4.328049853757999837e+06
4.328049887071000412e+06
4.328049920382999815e+06
4.328049953696000390e+06
4.328049987009000033e+06
4.328050020321999677e+06
4.328050053634000011e+06
4.328050086946999654e+06
4.328050120260000229e+06
4.328050153572999872e+06
4.328050186885000207e+06
4.328050220197999850e+06
4.328050253511000425e+06
4.328050286824000068e+06
4.328050320136000402e+06
4.328050353449000046e+06
4.328050386761999689e+06
4.328050420075000264e+06
4.328050453386999667e+06
4.328050486700000241e+06
4.328050520012999885e+06
4.328050553326000459e+06
4.328050586639000103e+06
4.328050619951000437e+06
4.328050653264000081e+06
4.328050686576999724e+06
4.328050719890000299e+06
4.328050753201999702e+06
4.328050786515000276e+06
4.328050819827999920e+06
4.328050853140999563e+06
4.328050886452999897e+06
4.328050919765999541e+06
4.328050953079000115e+06
4.328050986391999759e+06
4.328051019704000093e+06
4.328051053016999736e+06
4.328051086330000311e+06
4.328051119642999955e+06
4.328051152955000289e+06
4.328051186267999932e+06
4.328051219580999576e+06
4.328051252894000150e+06
4.328051286206999794e+06
4.328051319519000128e+06
4.328051352831999771e+06
4.328051386145000346e+06
4.328051419457999989e+06
4.328051452770000324e+06
4.328051486082999967e+06
4.328051519395999610e+06
4.328051552709000185e+06
4.328051586020999588e+06
4.328051619334000163e+06
4.328051652646999806e+06
4.328051685960000381e+06
4.328051719271999784e+06
4.328051752585000359e+06
4.328051785898000002e+06
4.328051819210999645e+06
4.328051852522999980e+06
4.328051885835999623e+06
4.328051919149000198e+06
4.328051952461999841e+06
4.328051985775000416e+06
4.328052019086999819e+06
4.328052052400000393e+06
4.328052085713000037e+06
4.328052119025999680e+06
4.328052152338000014e+06
4.328052185650999658e+06
4.328052218964000233e+06
4.328052252276999876e+06
4.328052285589000210e+06
4.328052318901999854e+06
4.328052352215000428e+06
4.328052385528000072e+06
4.328052418840000406e+06
4.328052452153000049e+06
4.328052485465999693e+06
4.328052518779000267e+06
4.328052552090999670e+06
4.328052585404000245e+06
4.328052618716999888e+06
4.328052652030000463e+06
4.328052685341999866e+06
4.328052718655000441e+06
4.328052751968000084e+06
4.328052785280999728e+06
4.328052818594000302e+06
4.328052851905999705e+06
4.328052885219000280e+06
4.328052918531999923e+06
4.328052951844999567e+06
4.328052985156999901e+06
4.328053018469999544e+06
4.328053051783000119e+06
4.328053085095999762e+06
4.328053118408000097e+06
4.328053151720999740e+06
4.328053185034000315e+06
4.328053218346999958e+06
4.328053251659000292e+06
4.328053284971999936e+06
4.328053318284999579e+06
4.328053351598000154e+06
4.328053384909999557e+06
4.328053418223000132e+06
4.328053451535999775e+06
4.328053484849000350e+06
4.328053518161999993e+06
4.328053551474000327e+06
4.328053584786999971e+06
4.328053618099999614e+06
4.328053651413000189e+06
4.328053684724999592e+06
4.328053718038000166e+06
4.328053751350999810e+06
4.328053784664000385e+06
4.328053817975999787e+06
4.328053851289000362e+06
4.328053884602000006e+06
4.328053917914999649e+06
4.328053951226999983e+06
4.328053984539999627e+06
4.328054017853000201e+06
4.328054051165999845e+06
4.328054084478000179e+06
4.328054117790999822e+06
4.328054151104000397e+06
4.328054184417000040e+06
4.328054217729999684e+06
4.328054251042000018e+06
4.328054284354999661e+06
4.328054317668000236e+06
4.328054350980999880e+06
4.328054384293000214e+06
4.328054417605999857e+06
4.328054450919000432e+06
4.328054484232000075e+06
4.328054517544000410e+06
4.328054550857000053e+06
4.328054584169999696e+06
4.328054617483000271e+06
4.328054650794999674e+06
4.328054684108000249e+06
4.328054717420999892e+06
4.328054750733999535e+06
4.328054784045999870e+06
4.328054817359000444e+06
4.328054850672000088e+06
4.328054883984999731e+06
4.328054917297000065e+06
4.328054950609999709e+06
4.328054983923000284e+06
4.328055017235999927e+06
4.328055050548999570e+06
4.328055083860999905e+06
4.328055117173999548e+06
4.328055150487000123e+06
4.328055183799999766e+06
4.328055217112000100e+06
4.328055250424999744e+06
4.328055283738000318e+06
4.328055317050999962e+06
4.328055350363000296e+06
4.328055383675999939e+06
4.328055416988999583e+06
4.328055450302000158e+06
4.328055483613999560e+06
4.328055516927000135e+06
4.328055550239999779e+06
4.328055583553000353e+06
4.328055616864999756e+06
4.328055650178000331e+06
4.328055683490999974e+06
4.328055716803999618e+06
4.328055750115999952e+06
4.328055783428999595e+06
4.328055816742000170e+06
4.328055850054999813e+06
4.328055883368000388e+06
4.328055916679999791e+06
4.328055949993000366e+06
4.328055983306000009e+06
4.328056016618999653e+06
4.328056049930999987e+06
4.328056083243999630e+06
4.328056116557000205e+06
4.328056149869999848e+06
4.328056183182000183e+06
4.328056216494999826e+06
4.328056249808000401e+06
4.328056283121000044e+06
4.328056316433000378e+06
4.328056349746000022e+06
4.328056383058999665e+06
4.328056416372000240e+06
4.328056449684999883e+06
4.328056482997000217e+06
4.328056516309999861e+06
4.328056549623000436e+06
4.328056582936000079e+06
4.328056616248000413e+06
4.328056649561000057e+06
4.328056682873999700e+06
4.328056716187000275e+06
4.328056749498999678e+06
4.328056782812000252e+06
4.328056816124999896e+06
4.328056849437999539e+06
4.328056882749999873e+06
4.328056916063000448e+06
4.328056949376000091e+06
4.328056982688999735e+06
4.328057016001000069e+06
4.328057049313999712e+06
4.328057082627000287e+06
4.328057115939999931e+06
4.328057149252000265e+06
4.328057182564999908e+06
4.328057215877999552e+06
4.328057249191000126e+06
4.328057282503999770e+06
4.328057315816000104e+06
4.328057349128999747e+06
4.328057382442000322e+06
4.328057415754999965e+06
4.328057449067000300e+06
4.328057482379999943e+06
4.328057515692999586e+06
4.328057549006000161e+06
4.328057582317999564e+06
4.328057615631000139e+06
4.328057648943999782e+06
4.328057682257000357e+06
4.328057715568999760e+06
4.328057748882000335e+06
4.328057782194999978e+06
4.328057815507999621e+06
4.328057848819999956e+06
4.328057882132999599e+06
4.328057915446000174e+06
4.328057948758999817e+06
4.328057982071000151e+06
4.328058015383999795e+06
4.328058048697000369e+06
4.328058082010000013e+06
4.328058115322999656e+06
4.328058148634999990e+06
4.328058181947999634e+06
4.328058215261000209e+06
4.328058248573999852e+06
4.328058281886000186e+06
4.328058315198999830e+06
4.328058348512000404e+06
4.328058381825000048e+06
4.328058415137000382e+06
4.328058448450000025e+06
4.328058481762999669e+06
4.328058515076000243e+06
4.328058548387999646e+06
4.328058581701000221e+06
4.328058615013999864e+06
4.328058648327000439e+06
4.328058681640000083e+06
4.328058714952000417e+06
4.328058748265000060e+06
4.328058781577999704e+06
4.328058814891000278e+06
4.328058848202999681e+06
4.328058881516000256e+06
4.328058914828999899e+06
4.328058948141999543e+06
4.328058981453999877e+06
4.328059014767000452e+06
4.328059048080000095e+06
4.328059081392999738e+06
4.328059114705000073e+06
4.328059148017999716e+06
4.328059181331000291e+06
4.328059214643999934e+06
4.328059247956000268e+06
4.328059281268999912e+06
4.328059314581999555e+06
4.328059347895000130e+06
4.328059381207000464e+06
4.328059414520000108e+06
4.328059447832999751e+06
4.328059481146000326e+06
4.328059514458999969e+06
4.328059547771000303e+06
4.328059581083999947e+06
4.328059614396999590e+06
4.328059647710000165e+06
4.328059681021999568e+06
4.328059714335000142e+06
4.328059747647999786e+06
4.328059780961000361e+06
4.328059814272999763e+06
4.328059847586000338e+06
4.328059880898999982e+06
4.328059914211999625e+06
4.328059947523999959e+06
4.328059980836999603e+06
4.328060014150000177e+06
4.328060047462999821e+06
4.328060080775000155e+06
4.328060114087999798e+06
4.328060147401000373e+06
4.328060180714000016e+06
4.328060214026000351e+06
4.328060247338999994e+06
4.328060280651999637e+06
4.328060313965000212e+06
4.328060347277999856e+06
4.328060380590000190e+06
4.328060413902999833e+06
4.328060447216000408e+06
4.328060480529000051e+06
4.328060513841000386e+06
4.328060547154000029e+06
4.328060580466999672e+06
4.328060613780000247e+06
4.328060647091999650e+06
4.328060680405000225e+06
4.328060713717999868e+06
4.328060747031000443e+06
4.328060780342999846e+06
4.328060813656000420e+06
4.328060846969000064e+06
4.328060880281999707e+06
4.328060913595000282e+06
4.328060946906999685e+06
4.328060980220000260e+06
4.328061013532999903e+06
4.328061046845999546e+06
4.328061080157999881e+06
4.328061113471000455e+06
4.328061146784000099e+06
4.328061180096999742e+06
4.328061213409000076e+06
4.328061246721999720e+06
4.328061280035000294e+06
4.328061313347999938e+06
4.328061346660000272e+06
4.328061379972999915e+06
4.328061413285999559e+06
4.328061446599000134e+06
4.328061479910999537e+06
4.328061513224000111e+06
4.328061546536999755e+06
4.328061579850000329e+06
4.328061613161999732e+06
4.328061646475000307e+06
4.328061679787999950e+06
4.328061713100999594e+06
4.328061746414000168e+06
4.328061779725999571e+06
4.328061813039000146e+06
4.328061846351999789e+06
4.328061879665000364e+06
4.328061912976999767e+06
4.328061946290000342e+06
4.328061979602999985e+06
4.328062012915999629e+06
4.328062046227999963e+06
4.328062079540999606e+06
4.328062112854000181e+06
4.328062146166999824e+06
4.328062179479000159e+06
4.328062212791999802e+06
4.328062246105000377e+06
4.328062279418000020e+06
4.328062312730000354e+06
4.328062346042999998e+06
4.328062379355999641e+06
4.328062412669000216e+06
4.328062445981999859e+06
4.328062479294000193e+06
4.328062512606999837e+06
4.328062545920000412e+06
4.328062579233000055e+06
4.328062612545000389e+06
4.328062645858000033e+06
4.328062679170999676e+06
4.328062712484000251e+06
4.328062745795999654e+06
4.328062779109000228e+06
4.328062812421999872e+06
4.328062845735000446e+06
4.328062879046999849e+06
4.328062912360000424e+06
4.328062945673000067e+06
4.328062978985999711e+06
4.328063012298000045e+06
4.328063045610999689e+06
4.328063078924000263e+06
4.328063112236999907e+06
4.328063145549999550e+06
4.328063178861999884e+06
4.328063212175000459e+06
4.328063245488000102e+06
4.328063278800999746e+06
4.328063312113000080e+06
4.328063345425999723e+06
4.328063378739000298e+06
4.328063412051999941e+06
4.328063445364000276e+06
4.328063478676999919e+06
4.328063511989999563e+06
4.328063545303000137e+06
4.328063578614999540e+06
4.328063611928000115e+06
4.328063645240999758e+06
4.328063678554000333e+06
4.328063711865999736e+06
4.328063745179000311e+06
4.328063778491999954e+06
4.328063811804999597e+06
4.328063845116999932e+06
4.328063878429999575e+06
4.328063911743000150e+06
4.328063945055999793e+06
4.328063978369000368e+06
4.328064011680999771e+06
4.328064044994000345e+06
4.328064078306999989e+06
4.328064111619999632e+06
4.328064144931999967e+06
4.328064178244999610e+06
4.328064211558000185e+06
4.328064244870999828e+06
4.328064278183000162e+06
4.328064311495999806e+06
4.328064344809000380e+06
4.328064378122000024e+06
4.328064411434000358e+06
4.328064444747000001e+06
4.328064478059999645e+06
4.328064511373000219e+06
4.328064544684999622e+06
4.328064577998000197e+06
4.328064611310999840e+06
4.328064644624000415e+06
4.328064677937000059e+06
4.328064711249000393e+06
4.328064744562000036e+06
4.328064777874999680e+06
4.328064811188000254e+06
4.328064844499999657e+06
4.328064877813000232e+06
4.328064911125999875e+06
4.328064944439000450e+06
4.328064977750999853e+06
4.328065011064000428e+06
4.328065044377000071e+06
4.328065077689999714e+06
4.328065111002000049e+06
4.328065144314999692e+06
4.328065177628000267e+06
4.328065210940999910e+06
4.328065244253000244e+06
4.328065277565999888e+06
4.328065310879000463e+06
4.328065344192000106e+06
4.328065377504999749e+06
4.328065410817000084e+06
4.328065444129999727e+06
4.328065477443000302e+06
4.328065510755999945e+06
4.328065544068000279e+06
4.328065577380999923e+06
4.328065610693999566e+06
4.328065644007000141e+06
4.328065677318999544e+06
4.328065710632000118e+06
4.328065743944999762e+06
4.328065777258000337e+06
4.328065810569999740e+06
4.328065843883000314e+06
4.328065877195999958e+06
4.328065910508999601e+06
4.328065943820999935e+06
4.328065977133999579e+06
4.328066010447000153e+06
4.328066043759999797e+06
4.328066077072000131e+06
4.328066110384999774e+06
4.328066143698000349e+06
4.328066177010999992e+06
4.328066210323999636e+06
4.328066243635999970e+06
4.328066276948999614e+06
4.328066310262000188e+06
4.328066343574999832e+06
4.328066376887000166e+06
4.328066410199999809e+06
4.328066443513000384e+06
4.328066476826000027e+06
4.328066510138000362e+06
4.328066543451000005e+06
4.328066576763999648e+06
4.328066610077000223e+06
4.328066643388999626e+06
4.328066676702000201e+06
4.328066710014999844e+06
4.328066743328000419e+06
4.328066776639999822e+06
4.328066809953000396e+06
4.328066843266000040e+06
4.328066876578999683e+06
4.328066909892000258e+06
4.328066943203999661e+06
4.328066976517000236e+06
4.328067009829999879e+06
4.328067043143000454e+06
4.328067076454999857e+06
4.328067109768000431e+06
4.328067143081000075e+06
4.328067176393999718e+06
4.328067209706000052e+06
4.328067243018999696e+06
4.328067276332000270e+06
4.328067309644999914e+06
4.328067342957000248e+06
4.328067376269999892e+06
4.328067409582999535e+06
4.328067442896000110e+06
4.328067476208000444e+06
4.328067509521000087e+06
4.328067542833999731e+06
4.328067576147000305e+06
4.328067609459999949e+06
4.328067642772000283e+06
4.328067676084999926e+06
4.328067709397999570e+06
4.328067742711000144e+06
4.328067776022999547e+06
4.328067809336000122e+06
4.328067842648999766e+06
4.328067875962000340e+06
4.328067909273999743e+06
4.328067942587000318e+06
4.328067975899999961e+06
4.328068009212999605e+06
4.328068042524999939e+06
4.328068075837999582e+06
4.328068109151000157e+06
4.328068142463999800e+06
4.328068175776000135e+06
4.328068209088999778e+06
4.328068242402000353e+06
4.328068275714999996e+06
4.328068309027000330e+06
4.328068342339999974e+06
4.328068375652999617e+06
4.328068408966000192e+06
4.328068442278999835e+06
4.328068475591000170e+06
4.328068508903999813e+06
4.328068542217000388e+06
4.328068575530000031e+06
4.328068608842000365e+06
4.328068642155000009e+06
4.328068675467999652e+06
4.328068708781000227e+06
4.328068742092999630e+06
4.328068775406000204e+06
4.328068808718999848e+06
4.328068842032000422e+06
4.328068875343999825e+06
4.328068908657000400e+06
4.328068941970000044e+06
4.328068975282999687e+06
4.328069008595000021e+06
4.328069041907999665e+06
4.328069075221000239e+06
4.328069108533999883e+06
4.328069141847000457e+06
4.328069175158999860e+06
4.328069208472000435e+06
4.328069241785000078e+06
4.328069275097999722e+06
4.328069308410000056e+06
4.328069341722999699e+06
4.328069375036000274e+06
4.328069408348999918e+06
4.328069441661000252e+06
4.328069474973999895e+06
4.328069508286999539e+06
4.328069541600000113e+06
4.328069574912000448e+06
4.328069608225000091e+06
4.328069641537999734e+06
4.328069674851000309e+06
4.328069708162999712e+06
4.328069741476000287e+06
4.328069774788999930e+06
4.328069808101999573e+06
4.328069841415000148e+06
4.328069874726999551e+06
4.328069908040000126e+06
4.328069941352999769e+06
4.328069974666000344e+06
4.328070007977999747e+06
4.328070041291000322e+06
4.328070074603999965e+06
4.328070107916999608e+06
4.328070141228999943e+06
4.328070174541999586e+06
4.328070207855000161e+06
4.328070241167999804e+06
4.328070274480000138e+06
4.328070307792999782e+06
4.328070341106000356e+06
4.328070374419000000e+06
4.328070407731000334e+06
4.328070441043999977e+06
4.328070474356999621e+06
4.328070507670000196e+06
4.328070540981999598e+06
4.328070574295000173e+06
4.328070607607999817e+06
4.328070640921000391e+06
4.328070674234000035e+06
4.328070707546000369e+06
4.328070740859000012e+06
4.328070774171999656e+06
4.328070807485000230e+06
4.328070840796999633e+06
4.328070874110000208e+06
4.328070907422999851e+06
4.328070940736000426e+06
4.328070974047999829e+06
4.328071007361000404e+06
4.328071040674000047e+06
4.328071073986999691e+06
4.328071107299000025e+06
4.328071140611999668e+06
4.328071173925000243e+06
4.328071207237999886e+06
4.328071240550000221e+06
4.328071273862999864e+06
4.328071307176000439e+06
4.328071340489000082e+06
4.328071373801000416e+06
4.328071407114000060e+06
4.328071440426999703e+06
4.328071473740000278e+06
4.328071507052999921e+06
4.328071540365000255e+06
4.328071573677999899e+06
4.328071606990999542e+06
4.328071640304000117e+06
4.328071673616000451e+06
4.328071706929000095e+06
4.328071740241999738e+06
4.328071773555000313e+06
4.328071806866999716e+06
4.328071840180000290e+06
4.328071873492999934e+06
4.328071906805999577e+06
4.328071940117999911e+06
4.328071973430999555e+06
4.328072006744000129e+06
4.328072040056999773e+06
4.328072073370000347e+06
4.328072106681999750e+06
4.328072139995000325e+06
4.328072173307999969e+06
4.328072206620999612e+06
4.328072239932999946e+06
4.328072273245999590e+06
4.328072306559000164e+06
4.328072339871999808e+06
4.328072373184000142e+06
4.328072406496999785e+06
4.328072439810000360e+06
4.328072473123000003e+06
4.328072506435000338e+06
4.328072539747999981e+06
4.328072573060999624e+06
4.328072606374000199e+06
4.328072639685999602e+06
4.328072672999000177e+06
4.328072706311999820e+06
4.328072739625000395e+06
4.328072772936999798e+06
4.328072806250000373e+06
4.328072839563000016e+06
4.328072872875999659e+06
4.328072906189000234e+06
4.328072939500999637e+06
4.328072972814000212e+06
4.328073006126999855e+06
4.328073039440000430e+06
4.328073072751999833e+06
4.328073106065000407e+06
4.328073139378000051e+06
4.328073172690999694e+06
4.328073206003000028e+06
4.328073239315999672e+06
4.328073272629000247e+06
4.328073305941999890e+06
4.328073339254000224e+06
4.328073372566999868e+06
4.328073405880000442e+06
4.328073439193000086e+06
4.328073472505000420e+06
4.328073505818000063e+06
4.328073539130999707e+06
4.328073572444000281e+06
4.328073605755999684e+06
4.328073639069000259e+06
4.328073672381999902e+06
4.328073705694999546e+06
4.328073739008000121e+06
4.328073772320000455e+06
4.328073805633000098e+06
4.328073838945999742e+06
4.328073872259000316e+06
4.328073905570999719e+06
4.328073938884000294e+06
4.328073972196999937e+06
4.328074005509999581e+06
4.328074038821999915e+06
4.328074072134999558e+06
4.328074105448000133e+06
4.328074138760999776e+06
4.328074172073000111e+06
4.328074205385999754e+06
4.328074238699000329e+06
4.328074272011999972e+06
4.328074305324999616e+06
4.328074338636999950e+06
4.328074371949999593e+06
4.328074405263000168e+06
4.328074438575999811e+06
4.328074471888000146e+06
4.328074505200999789e+06
4.328074538514000364e+06
4.328074571827000007e+06
4.328074605139000341e+06
4.328074638451999985e+06
4.328074671764999628e+06
4.328074705078000203e+06
4.328074738389999606e+06
4.328074771703000180e+06
4.328074805015999824e+06
4.328074838329000399e+06
4.328074871640999801e+06
4.328074904954000376e+06
4.328074938267000020e+06
4.328074971579999663e+06
4.328075004891999997e+06
4.328075038204999641e+06
4.328075071518000215e+06
4.328075104830999859e+06
4.328075138144000433e+06
4.328075171455999836e+06
4.328075204769000411e+06
4.328075238082000054e+06
4.328075271394999698e+06
4.328075304707000032e+06
4.328075338019999675e+06
4.328075371333000250e+06
4.328075404645999894e+06
4.328075437958000228e+06
4.328075471270999871e+06
4.328075504584000446e+06
4.328075537897000089e+06
4.328075571209000424e+06
4.328075604522000067e+06
4.328075637834999710e+06
4.328075671148000285e+06
4.328075704459999688e+06
4.328075737773000263e+06
4.328075771085999906e+06
4.328075804398999549e+06
4.328075837710999884e+06
4.328075871024000458e+06
4.328075904337000102e+06
4.328075937649999745e+06
4.328075970963000320e+06
4.328076004274999723e+06
4.328076037588000298e+06
4.328076070900999941e+06
4.328076104213999584e+06
4.328076137525999919e+06
4.328076170838999562e+06
4.328076204152000137e+06
4.328076237464999780e+06
4.328076270777000114e+06
4.328076304089999758e+06
4.328076337403000332e+06
4.328076370715999976e+06
4.328076404028000310e+06
4.328076437340999953e+06
4.328076470653999597e+06
4.328076503967000172e+06
4.328076537279999815e+06
4.328076570592000149e+06
4.328076603904999793e+06
4.328076637218000367e+06
4.328076670531000011e+06
4.328076703843000345e+06
4.328076737155999988e+06
4.328076770468999632e+06
4.328076803782000206e+06
4.328076837093999609e+06
4.328076870407000184e+06
4.328076903719999827e+06
4.328076937033000402e+06
4.328076970344999805e+06
4.328077003658000380e+06
4.328077036971000023e+06
4.328077070283999667e+06
4.328077103596000001e+06
4.328077136908999644e+06
4.328077170222000219e+06
4.328077203534999862e+06
4.328077236847000197e+06
4.328077270159999840e+06
4.328077303473000415e+06
4.328077336786000058e+06
4.328077370098999701e+06
4.328077403411000036e+06
4.328077436723999679e+06
4.328077470037000254e+06
4.328077503349999897e+06
4.328077536662000231e+06
4.328077569974999875e+06
4.328077603288000450e+06
4.328077636601000093e+06
4.328077669913000427e+06
4.328077703226000071e+06
4.328077736538999714e+06
4.328077769852000289e+06
4.328077803163999692e+06
4.328077836477000266e+06
4.328077869789999910e+06
4.328077903102999553e+06
4.328077936414999887e+06
4.328077969728000462e+06
4.328078003041000105e+06
4.328078036353999749e+06
4.328078069667000324e+06
4.328078102978999726e+06
4.328078136292000301e+06
4.328078169604999945e+06
4.328078202917999588e+06
4.328078236229999922e+06
4.328078269542999566e+06
4.328078302856000140e+06
4.328078336168999784e+06
4.328078369481000118e+06
4.328078402793999761e+06
4.328078436107000336e+06
4.328078469419999979e+06
4.328078502732000314e+06
4.328078536044999957e+06
4.328078569357999600e+06
4.328078602671000175e+06
4.328078635982999578e+06
4.328078669296000153e+06
4.328078702608999796e+06
4.328078735922000371e+06
4.328078769235000014e+06
4.328078802547000349e+06
4.328078835859999992e+06
4.328078869172999635e+06
4.328078902486000210e+06
4.328078935797999613e+06
4.328078969111000188e+06
4.328079002423999831e+06
4.328079035737000406e+06
4.328079069048999809e+06
4.328079102362000383e+06
4.328079135675000027e+06
4.328079168987999670e+06
4.328079202300000004e+06
4.328079235612999648e+06
4.328079268926000223e+06
4.328079302238999866e+06
4.328079335551000200e+06
4.328079368863999844e+06
4.328079402177000418e+06
4.328079435490000062e+06
4.328079468802000396e+06
4.328079502115000039e+06
4.328079535427999683e+06
4.328079568741000257e+06
4.328079602053999901e+06
4.328079635366000235e+06
4.328079668678999878e+06
4.328079701992000453e+06
4.328079735305000097e+06
4.328079768617000431e+06
4.328079801930000074e+06
4.328079835242999718e+06
4.328079868556000292e+06
4.328079901867999695e+06
4.328079935181000270e+06
4.328079968493999913e+06
4.328080001806999557e+06
4.328080035118999891e+06
4.328080068431999534e+06
4.328080101745000109e+06
4.328080135057999752e+06
4.328080168370000087e+06
4.328080201682999730e+06
4.328080234996000305e+06
4.328080268308999948e+06
4.328080301621999592e+06
4.328080334933999926e+06
4.328080368246999569e+06
4.328080401560000144e+06
4.328080434872999787e+06
4.328080468185000122e+06
4.328080501497999765e+06
4.328080534811000340e+06
4.328080568123999983e+06
4.328080601436000317e+06
4.328080634748999961e+06
4.328080668061999604e+06
4.328080701375000179e+06
4.328080734686999582e+06
4.328080768000000156e+06
4.328080801312999800e+06
4.328080834626000375e+06
4.328080867937999777e+06
4.328080901251000352e+06
4.328080934563999996e+06
4.328080967876999639e+06
4.328081001190000214e+06
4.328081034501999617e+06
4.328081067815000191e+06
4.328081101127999835e+06
4.328081134441000409e+06
4.328081167752999812e+06
4.328081201066000387e+06
4.328081234379000030e+06
4.328081267691999674e+06
4.328081301004000008e+06
4.328081334316999651e+06
4.328081367630000226e+06
4.328081400942999870e+06
4.328081434255000204e+06
4.328081467567999847e+06
4.328081500881000422e+06
4.328081534194000065e+06
4.328081567506000400e+06
4.328081600819000043e+06
4.328081634131999686e+06
4.328081667445000261e+06
4.328081700756999664e+06
4.328081734070000239e+06
4.328081767382999882e+06
4.328081800696000457e+06
4.328081834009000100e+06
4.328081867321000434e+06
4.328081900634000078e+06
4.328081933946999721e+06
4.328081967260000296e+06
4.328082000571999699e+06
4.328082033885000274e+06
4.328082067197999917e+06
4.328082100510999560e+06
4.328082133822999895e+06
4.328082167135999538e+06
4.328082200449000113e+06
4.328082233761999756e+06
4.328082267074000090e+06
4.328082300386999734e+06
4.328082333700000308e+06
4.328082367012999952e+06
4.328082400325000286e+06
4.328082433637999929e+06
4.328082466950999573e+06
4.328082500264000148e+06
4.328082533576999791e+06
4.328082566889000125e+06
4.328082600201999769e+06
4.328082633515000343e+06
4.328082666827999987e+06
4.328082700140000321e+06
4.328082733452999964e+06
4.328082766765999608e+06
4.328082800079000182e+06
4.328082833390999585e+06
4.328082866704000160e+06
4.328082900016999803e+06
4.328082933330000378e+06
4.328082966641999781e+06
4.328082999955000356e+06
4.328083033267999999e+06
4.328083066580999643e+06
4.328083099892999977e+06
4.328083133205999620e+06
4.328083166519000195e+06
4.328083199831999838e+06
4.328083233145000413e+06
4.328083266456999816e+06
4.328083299770000391e+06
4.328083333083000034e+06
4.328083366395999677e+06
4.328083399708000012e+06
4.328083433020999655e+06
4.328083466334000230e+06
4.328083499646999873e+06
4.328083532959000207e+06
4.328083566271999851e+06
4.328083599585000426e+06
4.328083632898000069e+06
4.328083666210000403e+06
4.328083699523000047e+06
4.328083732835999690e+06
4.328083766149000265e+06
4.328083799460999668e+06
4.328083832774000242e+06
4.328083866086999886e+06
4.328083899400000460e+06
4.328083932711999863e+06
4.328083966025000438e+06
4.328083999338000081e+06
4.328084032650999725e+06
4.328084065964000300e+06
4.328084099275999703e+06
4.328084132589000277e+06
4.328084165901999921e+06
4.328084199214999564e+06
4.328084232526999898e+06
4.328084265839999542e+06
4.328084299153000116e+06
4.328084332465999760e+06
4.328084365778000094e+06
4.328084399090999737e+06
4.328084432404000312e+06
4.328084465716999955e+06
4.328084499029000290e+06
4.328084532341999933e+06
4.328084565654999577e+06
4.328084598968000151e+06
4.328084632279999554e+06
4.328084665593000129e+06
4.328084698905999772e+06
4.328084732219000347e+06
4.328084765531999990e+06
4.328084798844000325e+06
4.328084832156999968e+06
4.328084865469999611e+06
4.328084898783000186e+06
4.328084932094999589e+06
4.328084965408000164e+06
4.328084998720999807e+06
4.328085032034000382e+06
4.328085065345999785e+06
4.328085098659000359e+06
4.328085131972000003e+06
4.328085165284999646e+06
4.328085198596999981e+06
4.328085231909999624e+06
4.328085265223000199e+06
4.328085298535999842e+06
4.328085331848000176e+06
4.328085365160999820e+06
4.328085398474000394e+06
4.328085431787000038e+06
4.328085465099999681e+06
4.328085498412000015e+06
4.328085531724999659e+06
4.328085565038000233e+06
4.328085598350999877e+06
4.328085631663000211e+06
4.328085664975999855e+06
4.328085698289000429e+06
4.328085731602000073e+06
4.328085764914000407e+06
4.328085798227000050e+06
4.328085831539999694e+06
4.328085864853000268e+06
4.328085898164999671e+06
4.328085931478000246e+06
4.328085964790999889e+06
4.328085998104000464e+06
4.328086031415999867e+06
4.328086064729000442e+06
4.328086098042000085e+06
4.328086131354999729e+06
4.328086164667000063e+06
4.328086197979999706e+06
4.328086231293000281e+06
4.328086264605999924e+06
4.328086297918999568e+06
4.328086331230999902e+06
4.328086364543999545e+06
4.328086397857000120e+06
4.328086431169999763e+06
4.328086464482000098e+06
4.328086497794999741e+06
4.328086531108000316e+06
4.328086564420999959e+06
4.328086597733000293e+06
4.328086631045999937e+06
4.328086664358999580e+06
4.328086697672000155e+06
4.328086730983999558e+06
4.328086764297000133e+06
4.328086797609999776e+06
4.328086830923000351e+06
4.328086864234999754e+06
4.328086897548000328e+06
4.328086930860999972e+06
4.328086964173999615e+06
4.328086997485999949e+06
4.328087030798999593e+06
4.328087064112000167e+06
4.328087097424999811e+06
4.328087130738000385e+06
4.328087164049999788e+06
4.328087197363000363e+06
4.328087230676000006e+06
4.328087263988999650e+06
4.328087297300999984e+06
4.328087330613999628e+06
4.328087363927000202e+06
4.328087397239999846e+06
4.328087430552000180e+06
4.328087463864999823e+06
4.328087497178000398e+06
4.328087530491000041e+06
4.328087563803000376e+06
4.328087597116000019e+06
4.328087630428999662e+06
4.328087663742000237e+06
4.328087697054999880e+06
4.328087730367000215e+06
4.328087763679999858e+06
4.328087796993000433e+06
4.328087830306000076e+06
4.328087863618000410e+06
4.328087896931000054e+06
4.328087930243999697e+06
4.328087963557000272e+06
4.328087996868999675e+06
4.328088030182000250e+06
4.328088063494999893e+06
4.328088096807999536e+06
4.328088130119999871e+06
4.328088163433000445e+06
4.328088196746000089e+06
4.328088230058999732e+06
4.328088263371000066e+06
4.328088296683999710e+06
4.328088329997000284e+06
4.328088363309999928e+06
4.328088396622000262e+06
4.328088429934999906e+06
4.328088463247999549e+06
4.328088496561000124e+06
4.328088529873999767e+06
4.328088563186000101e+06
4.328088596498999745e+06
4.328088629812000319e+06
4.328088663124999963e+06
4.328088696437000297e+06
4.328088729749999940e+06
4.328088763062999584e+06
4.328088796376000158e+06
4.328088829687999561e+06
4.328088863001000136e+06
4.328088896313999780e+06
4.328088929627000354e+06
4.328088962938999757e+06
4.328088996252000332e+06
4.328089029564999975e+06
4.328089062877999619e+06
4.328089096189999953e+06
4.328089129502999596e+06
4.328089162816000171e+06
4.328089196128999814e+06
4.328089229441000149e+06
4.328089262753999792e+06
4.328089296067000367e+06
4.328089329380000010e+06
4.328089362692999654e+06
4.328089396004999988e+06
4.328089429317999631e+06
4.328089462631000206e+06
4.328089495943999849e+06
4.328089529256000184e+06
4.328089562568999827e+06
4.328089595882000402e+06
4.328089629195000045e+06
4.328089662507000379e+06
4.328089695820000023e+06
4.328089729132999666e+06
4.328089762446000241e+06
4.328089795757999644e+06
4.328089829071000218e+06
4.328089862383999862e+06
4.328089895697000436e+06
4.328089929010000080e+06
4.328089962322000414e+06
4.328089995635000058e+06
4.328090028947999701e+06
4.328090062261000276e+06
4.328090095572999679e+06
4.328090128886000253e+06
4.328090162198999897e+06
4.328090195511999540e+06
4.328090228823999874e+06
4.328090262137000449e+06
4.328090295450000092e+06
4.328090328762999736e+06
4.328090362075000070e+06
4.328090395387999713e+06
4.328090428701000288e+06
4.328090462013999932e+06
4.328090495326000266e+06
4.328090528638999909e+06
4.328090561951999553e+06
4.328090595265000127e+06
4.328090628577000462e+06
4.328090661890000105e+06
4.328090695202999748e+06
4.328090728516000323e+06
4.328090761828999966e+06
4.328090795141000301e+06
4.328090828453999944e+06
4.328090861766999587e+06
4.328090895080000162e+06
4.328090928391999565e+06
4.328090961705000140e+06
4.328090995017999783e+06
4.328091028331000358e+06
4.328091061642999761e+06
4.328091094956000336e+06
4.328091128268999979e+06
4.328091161581999622e+06
4.328091194893999957e+06
4.328091228206999600e+06
4.328091261520000175e+06
4.328091294832999818e+06
4.328091328145000152e+06
4.328091361457999796e+06
4.328091394771000370e+06
4.328091428084000014e+06
4.328091461396000348e+06
4.328091494708999991e+06
4.328091528021999635e+06
4.328091561335000210e+06
4.328091594647999853e+06
4.328091627960000187e+06
4.328091661272999831e+06
4.328091694586000405e+06
4.328091727899000049e+06
4.328091761211000383e+06
4.328091794524000026e+06
4.328091827836999670e+06
4.328091861150000244e+06
4.328091894461999647e+06
4.328091927775000222e+06
4.328091961087999865e+06
4.328091994401000440e+06
4.328092027712999843e+06
4.328092061026000418e+06
4.328092094339000061e+06
4.328092127651999705e+06
4.328092160965000279e+06
4.328092194276999682e+06
4.328092227590000257e+06
4.328092260902999900e+06
4.328092294215999544e+06
4.328092327527999878e+06
4.328092360841000453e+06
4.328092394154000096e+06
4.328092427466999739e+06
4.328092460779000074e+06
4.328092494091999717e+06
4.328092527405000292e+06
4.328092560717999935e+06
4.328092594030000269e+06
4.328092627342999913e+06
4.328092660655999556e+06
4.328092693969000131e+06
4.328092727281000465e+06
4.328092760594000109e+06
4.328092793906999752e+06
4.328092827220000327e+06
4.328092860531999730e+06
4.328092893845000304e+06
4.328092927157999948e+06
4.328092960470999591e+06
4.328092993784000166e+06
4.328093027095999569e+06
4.328093060409000143e+06
4.328093093721999787e+06
4.328093127035000362e+06
4.328093160346999764e+06
4.328093193660000339e+06
4.328093226972999983e+06
4.328093260285999626e+06
4.328093293597999960e+06
4.328093326910999604e+06
4.328093360224000178e+06
4.328093393536999822e+06
4.328093426849000156e+06
4.328093460161999799e+06
4.328093493475000374e+06
4.328093526788000017e+06
4.328093560100000352e+06
4.328093593412999995e+06
4.328093626725999638e+06
4.328093660039000213e+06
4.328093693351999857e+06
4.328093726664000191e+06
4.328093759976999834e+06
4.328093793290000409e+06
4.328093826603000052e+06
4.328093859915000387e+06
4.328093893228000030e+06
4.328093926540999673e+06
4.328093959854000248e+06
4.328093993165999651e+06
4.328094026479000226e+06
4.328094059791999869e+06
4.328094093105000444e+06
4.328094126416999847e+06
4.328094159730000421e+06
4.328094193043000065e+06
4.328094226355999708e+06
4.328094259668000042e+06
4.328094292980999686e+06
4.328094326294000261e+06
4.328094359606999904e+06
4.328094392919999547e+06
4.328094426231999882e+06
4.328094459545000456e+06
4.328094492858000100e+06
4.328094526170999743e+06
4.328094559483000077e+06
4.328094592795999721e+06
4.328094626109000295e+06
4.328094659421999939e+06
4.328094692734000273e+06
4.328094726046999916e+06
4.328094759359999560e+06
4.328094792673000135e+06
4.328094825984999537e+06
4.328094859298000112e+06
4.328094892610999756e+06
4.328094925924000330e+06
4.328094959235999733e+06
4.328094992549000308e+06
4.328095025861999951e+06
4.328095059174999595e+06
4.328095092486999929e+06
4.328095125799999572e+06
4.328095159113000147e+06
4.328095192425999790e+06
4.328095225739000365e+06
4.328095259050999768e+06
4.328095292364000343e+06
4.328095325676999986e+06
4.328095358989999630e+06
4.328095392301999964e+06
4.328095425614999607e+06
4.328095458928000182e+06
4.328095492240999825e+06
4.328095525553000160e+06
4.328095558865999803e+06
4.328095592179000378e+06
4.328095625492000021e+06
4.328095658804000355e+06
4.328095692116999999e+06
4.328095725429999642e+06
4.328095758743000217e+06
4.328095792054999620e+06
4.328095825368000194e+06
4.328095858680999838e+06
4.328095891994000413e+06
4.328095925307000056e+06
4.328095958619000390e+06
4.328095991932000034e+06
4.328096025244999677e+06
4.328096058558000252e+06
4.328096091869999655e+06
4.328096125183000229e+06
4.328096158495999873e+06
4.328096191809000447e+06
4.328096225120999850e+06
4.328096258434000425e+06
4.328096291747000068e+06
4.328096325059999712e+06
4.328096358372000046e+06
4.328096391684999689e+06
4.328096424998000264e+06
4.328096458310999908e+06
4.328096491623000242e+06
4.328096524935999885e+06
4.328096558249000460e+06
4.328096591562000103e+06
4.328096624874999747e+06
4.328096658187000081e+06
4.328096691499999724e+06
4.328096724813000299e+06
4.328096758125999942e+06
4.328096791438000277e+06
4.328096824750999920e+06
4.328096858063999563e+06
4.328096891377000138e+06
4.328096924688999541e+06
4.328096958002000116e+06
4.328096991314999759e+06
4.328097024628000334e+06
4.328097057939999737e+06
4.328097091253000312e+06
4.328097124565999955e+06
4.328097157878999598e+06
4.328097191190999933e+06
4.328097224503999576e+06
4.328097257817000151e+06
4.328097291129999794e+06
4.328097324442000128e+06
4.328097357754999772e+06
4.328097391068000346e+06
4.328097424380999990e+06
4.328097457693999633e+06
4.328097491005999967e+06
4.328097524318999611e+06
4.328097557632000186e+06
4.328097590944999829e+06
4.328097624257000163e+06
4.328097657569999807e+06
4.328097690883000381e+06
4.328097724196000025e+06
4.328097757508000359e+06
4.328097790821000002e+06
4.328097824133999646e+06
4.328097857447000220e+06
4.328097890758999623e+06
4.328097924072000198e+06
4.328097957384999841e+06
4.328097990698000416e+06
4.328098024009999819e+06
4.328098057323000394e+06
4.328098090636000037e+06
4.328098123948999681e+06
4.328098157262000255e+06
4.328098190573999658e+06
4.328098223887000233e+06
4.328098257199999876e+06
4.328098290513000451e+06
4.328098323824999854e+06
4.328098357138000429e+06
4.328098390451000072e+06
4.328098423763999715e+06
4.328098457076000050e+06
4.328098490388999693e+06
4.328098523702000268e+06
4.328098557014999911e+06
4.328098590327000245e+06
4.328098623639999889e+06
4.328098656953000464e+06
4.328098690266000107e+06
4.328098723578000441e+06
4.328098756891000085e+06
4.328098790203999728e+06
4.328098823517000303e+06
4.328098856829999946e+06
4.328098890142000280e+06
4.328098923454999924e+06
4.328098956767999567e+06
4.328098990081000142e+06
4.328099023392999545e+06
4.328099056706000119e+06
4.328099090018999763e+06
4.328099123332000338e+06
4.328099156643999740e+06
4.328099189957000315e+06
4.328099223269999959e+06
4.328099256582999602e+06
4.328099289894999936e+06
4.328099323207999580e+06
4.328099356521000154e+06
4.328099389833999798e+06
4.328099423146000132e+06
4.328099456458999775e+06
4.328099489772000350e+06
4.328099523084999993e+06
4.328099556397000328e+06
4.328099589709999971e+06
4.328099623022999614e+06
4.328099656336000189e+06
4.328099689648999833e+06
4.328099722961000167e+06
4.328099756273999810e+06
4.328099789587000385e+06
4.328099822900000028e+06
4.328099856212000363e+06
4.328099889525000006e+06
4.328099922837999649e+06
4.328099956151000224e+06
4.328099989462999627e+06
4.328100022776000202e+06
4.328100056088999845e+06
4.328100089402000420e+06
4.328100122713999823e+06
4.328100156027000397e+06
4.328100189340000041e+06
4.328100222652999684e+06
4.328100255965000018e+06
4.328100289277999662e+06
4.328100322591000237e+06
4.328100355903999880e+06
4.328100389217000455e+06
4.328100422528999858e+06
4.328100455842000432e+06
4.328100489155000076e+06
4.328100522467999719e+06
4.328100555780000053e+06
4.328100589092999697e+06
4.328100622406000271e+06
4.328100655718999915e+06
4.328100689031000249e+06
4.328100722343999892e+06
4.328100755656999536e+06
4.328100788970000111e+06
4.328100822282000445e+06
4.328100855595000088e+06
4.328100888907999732e+06
4.328100922221000306e+06
4.328100955532999709e+06
4.328100988846000284e+06
4.328101022158999927e+06
4.328101055471999571e+06
4.328101088785000145e+06
4.328101122096999548e+06
4.328101155410000123e+06
4.328101188722999766e+06
4.328101222036000341e+06
4.328101255347999744e+06
4.328101288661000319e+06
4.328101321973999962e+06
4.328101355286999606e+06
4.328101388598999940e+06
4.328101421911999583e+06
4.328101455225000158e+06
4.328101488537999801e+06
4.328101521850000136e+06
4.328101555162999779e+06
4.328101588476000354e+06
4.328101621788999997e+06
4.328101655101000331e+06
4.328101688413999975e+06
4.328101721726999618e+06
4.328101755040000193e+06
4.328101788351999596e+06
4.328101821665000170e+06
4.328101854977999814e+06
4.328101888291000389e+06
4.328101921604000032e+06
4.328101954916000366e+06
4.328101988229000010e+06
4.328102021541999653e+06
4.328102054855000228e+06
4.328102088166999631e+06
4.328102121480000205e+06
4.328102154792999849e+06
4.328102188106000423e+06
4.328102221417999826e+06
4.328102254731000401e+06
4.328102288044000044e+06
4.328102321356999688e+06
4.328102354669000022e+06
4.328102387981999665e+06
4.328102421295000240e+06
4.328102454607999884e+06
4.328102487920000218e+06
4.328102521232999861e+06
4.328102554546000436e+06
4.328102587859000079e+06
4.328102621171000414e+06
4.328102654484000057e+06
4.328102687796999700e+06
4.328102721110000275e+06
4.328102754422999918e+06
4.328102787735000253e+06
4.328102821047999896e+06
4.328102854360999539e+06
4.328102887674000114e+06
4.328102920986000448e+06
4.328102954299000092e+06
4.328102987611999735e+06
4.328103020925000310e+06
4.328103054236999713e+06
4.328103087550000288e+06
4.328103120862999931e+06
4.328103154175999574e+06
4.328103187487999909e+06
4.328103220800999552e+06
4.328103254114000127e+06
4.328103287426999770e+06
4.328103320740000345e+06
4.328103354051999748e+06
4.328103387365000322e+06
4.328103420677999966e+06
4.328103453990999609e+06
4.328103487302999943e+06
4.328103520615999587e+06
4.328103553929000162e+06
4.328103587241999805e+06
4.328103620554000139e+06
4.328103653866999783e+06
4.328103687180000357e+06
4.328103720493000001e+06
4.328103753805000335e+06
4.328103787117999978e+06
4.328103820430999622e+06
4.328103853744000196e+06
4.328103887055999599e+06
4.328103920369000174e+06
4.328103953681999817e+06
4.328103986995000392e+06
4.328104020306999795e+06
4.328104053620000370e+06
4.328104086933000013e+06
4.328104120245999657e+06
4.328104153559000231e+06
4.328104186870999634e+06
4.328104220184000209e+06
4.328104253496999852e+06
4.328104286810000427e+06
4.328104320121999830e+06
4.328104353435000405e+06
4.328104386748000048e+06
4.328104420060999691e+06
4.328104453373000026e+06
4.328104486685999669e+06
4.328104519999000244e+06
4.328104553311999887e+06
4.328104586624000221e+06
4.328104619936999865e+06
4.328104653250000440e+06
4.328104686563000083e+06
4.328104719875000417e+06
4.328104753188000061e+06
4.328104786500999704e+06
4.328104819814000279e+06
4.328104853125999682e+06
4.328104886439000256e+06
4.328104919751999900e+06
4.328104953064999543e+06
4.328104986378000118e+06
4.328105019690000452e+06
4.328105053003000095e+06
4.328105086315999739e+06
4.328105119629000314e+06
4.328105152940999717e+06
4.328105186254000291e+06
4.328105219566999935e+06
4.328105252879999578e+06
4.328105286191999912e+06
4.328105319504999556e+06
4.328105352818000130e+06
4.328105386130999774e+06
4.328105419443000108e+06
4.328105452755999751e+06
4.328105486069000326e+06
4.328105519381999969e+06
4.328105552694999613e+06
4.328105586006999947e+06
4.328105619319999591e+06
4.328105652633000165e+06
4.328105685945999809e+06
4.328105719258000143e+06
4.328105752570999786e+06
4.328105785884000361e+06
4.328105819197000004e+06
4.328105852509000339e+06
4.328105885821999982e+06
4.328105919134999625e+06
4.328105952448000200e+06
4.328105985759999603e+06
4.328106019073000178e+06
4.328106052385999821e+06
4.328106085699000396e+06
4.328106119010999799e+06
4.328106152324000373e+06
4.328106185637000017e+06
4.328106218949999660e+06
4.328106252261999995e+06
4.328106285574999638e+06
4.328106318888000213e+06
4.328106352200999856e+06
4.328106385514000431e+06
4.328106418825999834e+06
4.328106452139000408e+06
4.328106485452000052e+06
4.328106518764999695e+06
4.328106552077000029e+06
4.328106585389999673e+06
4.328106618703000247e+06
4.328106652015999891e+06
4.328106685328000225e+06
4.328106718640999869e+06
4.328106751954000443e+06
4.328106785267000087e+06
4.328106818579000421e+06
4.328106851892000064e+06
4.328106885204999708e+06
4.328106918518000282e+06
4.328106951829999685e+06
4.328106985143000260e+06
4.328107018455999903e+06
4.328107051768999547e+06
4.328107085080999881e+06
4.328107118394000456e+06
4.328107151707000099e+06
4.328107185019999743e+06
4.328107218333000317e+06
4.328107251644999720e+06
4.328107284958000295e+06
4.328107318270999938e+06
4.328107351583999582e+06
4.328107384895999916e+06
4.328107418208999559e+06
4.328107451522000134e+06
4.328107484834999777e+06
4.328107518147000112e+06
4.328107551459999755e+06
4.328107584773000330e+06
4.328107618085999973e+06
4.328107651398000307e+06
4.328107684710999951e+06
4.328107718023999594e+06
4.328107751337000169e+06
4.328107784649999812e+06
4.328107817962000147e+06
4.328107851274999790e+06
4.328107884588000365e+06
4.328107917901000008e+06
4.328107951213000342e+06
4.328107984525999986e+06
4.328108017838999629e+06
4.328108051152000204e+06
4.328108084463999607e+06
4.328108117777000181e+06
4.328108151089999825e+06
4.328108184403000399e+06
4.328108217714999802e+06
4.328108251028000377e+06
4.328108284341000021e+06
4.328108317653999664e+06
4.328108350965999998e+06
4.328108384278999642e+06
4.328108417592000216e+06
4.328108450904999860e+06
4.328108484217000194e+06
4.328108517529999837e+06
4.328108550843000412e+06
4.328108584156000055e+06
4.328108617468999699e+06
4.328108650781000033e+06
4.328108684093999676e+06
4.328108717407000251e+06
4.328108750719999894e+06
4.328108784032000229e+06
4.328108817344999872e+06
4.328108850658000447e+06
4.328108883971000090e+06
4.328108917283000425e+06
4.328108950596000068e+06
4.328108983908999711e+06
4.328109017222000286e+06
4.328109050533999689e+06
4.328109083847000264e+06
4.328109117159999907e+06
4.328109150472999550e+06
4.328109183784999885e+06
4.328109217098000459e+06
4.328109250411000103e+06
4.328109283723999746e+06
4.328109317037000321e+06
4.328109350348999724e+06
4.328109383662000299e+06
4.328109416974999942e+06
4.328109450287999585e+06
4.328109483599999920e+06
4.328109516912999563e+06
4.328109550226000138e+06
4.328109583538999781e+06
4.328109616851000115e+06
4.328109650163999759e+06
4.328109683477000333e+06
4.328109716789999977e+06
4.328109750102000311e+06
4.328109783414999954e+06
4.328109816727999598e+06
4.328109850041000172e+06
4.328109883352999575e+06
4.328109916666000150e+06
4.328109949978999794e+06
4.328109983292000368e+06
4.328110016605000012e+06
4.328110049917000346e+06
4.328110083229999989e+06
4.328110116542999633e+06
4.328110149856000207e+06
4.328110183167999610e+06
4.328110216481000185e+06
4.328110249793999828e+06
4.328110283107000403e+06
4.328110316418999806e+06
4.328110349732000381e+06
4.328110383045000024e+06
4.328110416357999668e+06
4.328110449670000002e+06
4.328110482982999645e+06
4.328110516296000220e+06
4.328110549608999863e+06
4.328110582921000198e+06
4.328110616233999841e+06
4.328110649547000416e+06
4.328110682860000059e+06
4.328110716172000393e+06
4.328110749485000037e+06
4.328110782797999680e+06
4.328110816111000255e+06
4.328110849423999898e+06
4.328110882736000232e+06
4.328110916048999876e+06
4.328110949362000450e+06
4.328110982675000094e+06
4.328111249176999554e+06
4.328111282488999888e+06
4.328111315802000463e+06
4.328111349115000106e+06
4.328111382427999750e+06
4.328111415740000084e+06
4.328111449052999727e+06
4.328111482366000302e+06
4.328111515678999946e+06
4.328111548991999589e+06
4.328111582303999923e+06
4.328111615616999567e+06
4.328111648930000141e+06
4.328111682242999785e+06
4.328111715555000119e+06
4.328111748867999762e+06
4.328111782181000337e+06
4.328111815493999980e+06
4.328111848806000315e+06
4.328111882118999958e+06
4.328111915431999601e+06
4.328111948745000176e+06
4.328111982056999579e+06
4.328112015370000154e+06
4.328112048682999797e+06
4.328112081996000372e+06
4.328112115307999775e+06
